image_width: 1280
image_height: 720
camera_name: narrow_stereo
camera_matrix:
  rows: 3
  cols: 3
  data: [896.899360, 0.000000, 630.204162, 0.000000, 905.763423, 400.076096, 0.000000, 0.000000, 1.000000]
distortion_model: plumb_bob
distortion_coefficients:
  rows: 1
  cols: 5
  data: [0.033622, -0.002505, 0.009162, -0.004092, 0.000000]
rectification_matrix:
  rows: 3
  cols: 3
  data: [1.000000, 0.000000, 0.000000, 0.000000, 1.000000, 0.000000, 0.000000, 0.000000, 1.000000]
projection_matrix:
  rows: 3
  cols: 4
  data: [919.401550, 0.000000, 624.920976, 0.000000, 0.000000, 926.373169, 407.160889, 0.000000, 0.000000, 0.000000, 1.000000, 0.000000]
